3
2 4 1 
4
0 0 6.4910599999999998e+276
-3.2265355599397227 0
0.063966335984895192 0
-1.5264881506687598 0
3.9618604425605635 0
1 1 6.4910599999999998e+276
1.6231116687138374 1.2382981894687322e-09
-0.18563686537058202 -9.8664790712419175e-11
3.1326707914510883 -1.1041955035940561e-09
4.1860251013904541 2.0303722453710483e-09

1
0.92507433226640334 0 8.2553212631248822e-09
5.4562085815582169 4.4708229476462421e-10
-0.18353344149221706 1 -6.5776527141612785e-10
-0.21110521570495741 -8.8700496085928792e-11
0.9962050865083667 2 -7.3613033572937077e-09
-5.408846115875984 4.814593169406944e-10
0.9995376249651341 3 1.3535814969140322e-08
9.9962300421049388 4.8306991069373123e-10

0
0.99999999232820802 0 3.2219558232276429e-09
